{
 "cells": [
  {
   "cell_type": "code",
   "execution_count": 1,
   "id": "87500efb-4466-4b51-9287-aec3ac2448bc",
   "metadata": {
    "tags": []
   },
   "outputs": [],
   "source": [
    "import pandas as pd\n",
    "import numpy as np\n",
    "import matplotlib.pyplot as plt\n",
    "import seaborn as sns"
   ]
  },
  {
   "cell_type": "code",
   "execution_count": 2,
   "id": "c0a29e6f-c8a1-41c0-8d7f-92384256469d",
   "metadata": {
    "tags": []
   },
   "outputs": [],
   "source": [
    "df = pd.read_csv('result_metrics.csv',index_col = 0)"
   ]
  },
  {
   "cell_type": "code",
   "execution_count": 3,
   "outputs": [
    {
     "data": {
      "text/plain": "    bleu_1gram  bleu_2gram  bleu_3gram  bleu_4gram    METEOR     CIDEr  \\\n0     0.838711    0.689523    0.545635    0.421644  0.305401  1.448418   \n1     0.837985    0.686874    0.541060    0.416700  0.300723  1.420878   \n2     0.834268    0.683884    0.538407    0.415177  0.301224  1.423881   \n3     0.836579    0.687698    0.542516    0.417460  0.300187  1.429410   \n4     0.837209    0.688361    0.542898    0.417625  0.300860  1.416102   \n..         ...         ...         ...         ...       ...       ...   \n95    0.843483    0.693839    0.547760    0.421989  0.305252  1.449558   \n96    0.838271    0.690162    0.543518    0.419089  0.304571  1.444201   \n97    0.836894    0.689751    0.546398    0.423494  0.304318  1.437042   \n98    0.837812    0.687108    0.540278    0.413777  0.300968  1.415675   \n99    0.835595    0.686350    0.540533    0.417969  0.303070  1.441546   \n\n       Spice   ROUGE_L  ROUGE_L_pre  ROUGE_L_recall  ROUGE_1gram  \\\n0   0.238854  0.642120     0.679344        0.618721     0.642120   \n1   0.238460  0.637721     0.676564        0.612971     0.637721   \n2   0.239476  0.636561     0.674733        0.612310     0.636561   \n3   0.234136  0.636365     0.675057        0.611735     0.636365   \n4   0.236450  0.638925     0.678070        0.613823     0.638925   \n..       ...       ...          ...             ...          ...   \n95  0.243888  0.644752     0.684450        0.619269     0.644752   \n96  0.240937  0.640988     0.678721        0.616783     0.640988   \n97  0.238907  0.641357     0.677937        0.618016     0.641357   \n98  0.235424  0.637128     0.674993        0.612961     0.637128   \n99  0.237701  0.639187     0.677432        0.615026     0.639187   \n\n    ROUGE_1gram_pre  ROUGE_1gram_recall  ROUGE_2gram  ROUGE_2gram_pre  \\\n0          0.679344            0.618721     0.407032         0.426534   \n1          0.676564            0.612971     0.402868         0.422544   \n2          0.674733            0.612310     0.403165         0.423319   \n3          0.675057            0.611735     0.402379         0.422159   \n4          0.678070            0.613823     0.403482         0.422857   \n..              ...                 ...          ...              ...   \n95         0.684450            0.619269     0.408446         0.428042   \n96         0.678721            0.616783     0.405739         0.424618   \n97         0.677937            0.618016     0.409081         0.428259   \n98         0.674993            0.612961     0.401476         0.421126   \n99         0.677432            0.615026     0.407029         0.426663   \n\n    ROUGE_2gram_recall  \n0             0.396218  \n1             0.392046  \n2             0.392058  \n3             0.391412  \n4             0.392948  \n..                 ...  \n95            0.397582  \n96            0.395667  \n97            0.398631  \n98            0.390676  \n99            0.396299  \n\n[100 rows x 16 columns]",
      "text/html": "<div>\n<style scoped>\n    .dataframe tbody tr th:only-of-type {\n        vertical-align: middle;\n    }\n\n    .dataframe tbody tr th {\n        vertical-align: top;\n    }\n\n    .dataframe thead th {\n        text-align: right;\n    }\n</style>\n<table border=\"1\" class=\"dataframe\">\n  <thead>\n    <tr style=\"text-align: right;\">\n      <th></th>\n      <th>bleu_1gram</th>\n      <th>bleu_2gram</th>\n      <th>bleu_3gram</th>\n      <th>bleu_4gram</th>\n      <th>METEOR</th>\n      <th>CIDEr</th>\n      <th>Spice</th>\n      <th>ROUGE_L</th>\n      <th>ROUGE_L_pre</th>\n      <th>ROUGE_L_recall</th>\n      <th>ROUGE_1gram</th>\n      <th>ROUGE_1gram_pre</th>\n      <th>ROUGE_1gram_recall</th>\n      <th>ROUGE_2gram</th>\n      <th>ROUGE_2gram_pre</th>\n      <th>ROUGE_2gram_recall</th>\n    </tr>\n  </thead>\n  <tbody>\n    <tr>\n      <th>0</th>\n      <td>0.838711</td>\n      <td>0.689523</td>\n      <td>0.545635</td>\n      <td>0.421644</td>\n      <td>0.305401</td>\n      <td>1.448418</td>\n      <td>0.238854</td>\n      <td>0.642120</td>\n      <td>0.679344</td>\n      <td>0.618721</td>\n      <td>0.642120</td>\n      <td>0.679344</td>\n      <td>0.618721</td>\n      <td>0.407032</td>\n      <td>0.426534</td>\n      <td>0.396218</td>\n    </tr>\n    <tr>\n      <th>1</th>\n      <td>0.837985</td>\n      <td>0.686874</td>\n      <td>0.541060</td>\n      <td>0.416700</td>\n      <td>0.300723</td>\n      <td>1.420878</td>\n      <td>0.238460</td>\n      <td>0.637721</td>\n      <td>0.676564</td>\n      <td>0.612971</td>\n      <td>0.637721</td>\n      <td>0.676564</td>\n      <td>0.612971</td>\n      <td>0.402868</td>\n      <td>0.422544</td>\n      <td>0.392046</td>\n    </tr>\n    <tr>\n      <th>2</th>\n      <td>0.834268</td>\n      <td>0.683884</td>\n      <td>0.538407</td>\n      <td>0.415177</td>\n      <td>0.301224</td>\n      <td>1.423881</td>\n      <td>0.239476</td>\n      <td>0.636561</td>\n      <td>0.674733</td>\n      <td>0.612310</td>\n      <td>0.636561</td>\n      <td>0.674733</td>\n      <td>0.612310</td>\n      <td>0.403165</td>\n      <td>0.423319</td>\n      <td>0.392058</td>\n    </tr>\n    <tr>\n      <th>3</th>\n      <td>0.836579</td>\n      <td>0.687698</td>\n      <td>0.542516</td>\n      <td>0.417460</td>\n      <td>0.300187</td>\n      <td>1.429410</td>\n      <td>0.234136</td>\n      <td>0.636365</td>\n      <td>0.675057</td>\n      <td>0.611735</td>\n      <td>0.636365</td>\n      <td>0.675057</td>\n      <td>0.611735</td>\n      <td>0.402379</td>\n      <td>0.422159</td>\n      <td>0.391412</td>\n    </tr>\n    <tr>\n      <th>4</th>\n      <td>0.837209</td>\n      <td>0.688361</td>\n      <td>0.542898</td>\n      <td>0.417625</td>\n      <td>0.300860</td>\n      <td>1.416102</td>\n      <td>0.236450</td>\n      <td>0.638925</td>\n      <td>0.678070</td>\n      <td>0.613823</td>\n      <td>0.638925</td>\n      <td>0.678070</td>\n      <td>0.613823</td>\n      <td>0.403482</td>\n      <td>0.422857</td>\n      <td>0.392948</td>\n    </tr>\n    <tr>\n      <th>...</th>\n      <td>...</td>\n      <td>...</td>\n      <td>...</td>\n      <td>...</td>\n      <td>...</td>\n      <td>...</td>\n      <td>...</td>\n      <td>...</td>\n      <td>...</td>\n      <td>...</td>\n      <td>...</td>\n      <td>...</td>\n      <td>...</td>\n      <td>...</td>\n      <td>...</td>\n      <td>...</td>\n    </tr>\n    <tr>\n      <th>95</th>\n      <td>0.843483</td>\n      <td>0.693839</td>\n      <td>0.547760</td>\n      <td>0.421989</td>\n      <td>0.305252</td>\n      <td>1.449558</td>\n      <td>0.243888</td>\n      <td>0.644752</td>\n      <td>0.684450</td>\n      <td>0.619269</td>\n      <td>0.644752</td>\n      <td>0.684450</td>\n      <td>0.619269</td>\n      <td>0.408446</td>\n      <td>0.428042</td>\n      <td>0.397582</td>\n    </tr>\n    <tr>\n      <th>96</th>\n      <td>0.838271</td>\n      <td>0.690162</td>\n      <td>0.543518</td>\n      <td>0.419089</td>\n      <td>0.304571</td>\n      <td>1.444201</td>\n      <td>0.240937</td>\n      <td>0.640988</td>\n      <td>0.678721</td>\n      <td>0.616783</td>\n      <td>0.640988</td>\n      <td>0.678721</td>\n      <td>0.616783</td>\n      <td>0.405739</td>\n      <td>0.424618</td>\n      <td>0.395667</td>\n    </tr>\n    <tr>\n      <th>97</th>\n      <td>0.836894</td>\n      <td>0.689751</td>\n      <td>0.546398</td>\n      <td>0.423494</td>\n      <td>0.304318</td>\n      <td>1.437042</td>\n      <td>0.238907</td>\n      <td>0.641357</td>\n      <td>0.677937</td>\n      <td>0.618016</td>\n      <td>0.641357</td>\n      <td>0.677937</td>\n      <td>0.618016</td>\n      <td>0.409081</td>\n      <td>0.428259</td>\n      <td>0.398631</td>\n    </tr>\n    <tr>\n      <th>98</th>\n      <td>0.837812</td>\n      <td>0.687108</td>\n      <td>0.540278</td>\n      <td>0.413777</td>\n      <td>0.300968</td>\n      <td>1.415675</td>\n      <td>0.235424</td>\n      <td>0.637128</td>\n      <td>0.674993</td>\n      <td>0.612961</td>\n      <td>0.637128</td>\n      <td>0.674993</td>\n      <td>0.612961</td>\n      <td>0.401476</td>\n      <td>0.421126</td>\n      <td>0.390676</td>\n    </tr>\n    <tr>\n      <th>99</th>\n      <td>0.835595</td>\n      <td>0.686350</td>\n      <td>0.540533</td>\n      <td>0.417969</td>\n      <td>0.303070</td>\n      <td>1.441546</td>\n      <td>0.237701</td>\n      <td>0.639187</td>\n      <td>0.677432</td>\n      <td>0.615026</td>\n      <td>0.639187</td>\n      <td>0.677432</td>\n      <td>0.615026</td>\n      <td>0.407029</td>\n      <td>0.426663</td>\n      <td>0.396299</td>\n    </tr>\n  </tbody>\n</table>\n<p>100 rows × 16 columns</p>\n</div>"
     },
     "execution_count": 3,
     "metadata": {},
     "output_type": "execute_result"
    }
   ],
   "source": [
    "order = ['bleu_1gram','bleu_2gram','bleu_3gram','bleu_4gram',\n",
    "             'METEOR',\n",
    "             'CIDEr',\n",
    "             'Spice',\n",
    "             'ROUGE_L','ROUGE_L_pre','ROUGE_L_recall',\n",
    "             'ROUGE_1gram','ROUGE_1gram_pre','ROUGE_1gram_recall',\n",
    "             'ROUGE_2gram','ROUGE_2gram_pre','ROUGE_2gram_recall',\n",
    "             ]\n",
    "df = df.reindex(columns=order)\n",
    "df"
   ],
   "metadata": {
    "collapsed": false,
    "pycharm": {
     "name": "#%%\n"
    }
   }
  },
  {
   "cell_type": "code",
   "execution_count": 4,
   "id": "f66cb988-a22f-4e1e-9c99-c5361903e146",
   "metadata": {
    "tags": []
   },
   "outputs": [
    {
     "data": {
      "text/plain": "                    bleu_1gram  bleu_2gram  bleu_3gram  bleu_4gram    METEOR  \\\nbleu_1gram            1.000000    0.839359    0.722151    0.628465  0.620615   \nbleu_2gram            0.839359    1.000000    0.959925    0.876723  0.749472   \nbleu_3gram            0.722151    0.959925    1.000000    0.962205  0.760630   \nbleu_4gram            0.628465    0.876723    0.962205    1.000000  0.740897   \nMETEOR                0.620615    0.749472    0.760630    0.740897  1.000000   \nCIDEr                 0.605923    0.752283    0.770415    0.756382  0.799964   \nSpice                 0.477537    0.585409    0.572184    0.561828  0.607138   \nROUGE_L               0.719426    0.779885    0.752889    0.708195  0.858456   \nROUGE_L_pre           0.723989    0.759371    0.709629    0.646267  0.688888   \nROUGE_L_recall        0.614835    0.690962    0.686758    0.664674  0.891157   \nROUGE_1gram           0.719426    0.779885    0.752889    0.708195  0.858456   \nROUGE_1gram_pre       0.723989    0.759371    0.709629    0.646267  0.688888   \nROUGE_1gram_recall    0.614835    0.690962    0.686758    0.664674  0.891157   \nROUGE_2gram           0.573422    0.829972    0.888711    0.889522  0.865834   \nROUGE_2gram_pre       0.615167    0.854669    0.901116    0.892113  0.814213   \nROUGE_2gram_recall    0.509641    0.770248    0.837561    0.847792  0.867627   \n\n                       CIDEr     Spice   ROUGE_L  ROUGE_L_pre  ROUGE_L_recall  \\\nbleu_1gram          0.605923  0.477537  0.719426     0.723989        0.614835   \nbleu_2gram          0.752283  0.585409  0.779885     0.759371        0.690962   \nbleu_3gram          0.770415  0.572184  0.752889     0.709629        0.686758   \nbleu_4gram          0.756382  0.561828  0.708195     0.646267        0.664674   \nMETEOR              0.799964  0.607138  0.858456     0.688888        0.891157   \nCIDEr               1.000000  0.627471  0.791245     0.665533        0.789569   \nSpice               0.627471  1.000000  0.581745     0.500704        0.564045   \nROUGE_L             0.791245  0.581745  1.000000     0.915725        0.935304   \nROUGE_L_pre         0.665533  0.500704  0.915725     1.000000        0.718435   \nROUGE_L_recall      0.789569  0.564045  0.935304     0.718435        1.000000   \nROUGE_1gram         0.791245  0.581745  1.000000     0.915725        0.935304   \nROUGE_1gram_pre     0.665533  0.500704  0.915725     1.000000        0.718435   \nROUGE_1gram_recall  0.789569  0.564045  0.935304     0.718435        1.000000   \nROUGE_2gram         0.825212  0.565569  0.823357     0.730882        0.794158   \nROUGE_2gram_pre     0.773419  0.569480  0.793892     0.765497        0.711513   \nROUGE_2gram_recall  0.824262  0.535085  0.806990     0.664840        0.826005   \n\n                    ROUGE_1gram  ROUGE_1gram_pre  ROUGE_1gram_recall  \\\nbleu_1gram             0.719426         0.723989            0.614835   \nbleu_2gram             0.779885         0.759371            0.690962   \nbleu_3gram             0.752889         0.709629            0.686758   \nbleu_4gram             0.708195         0.646267            0.664674   \nMETEOR                 0.858456         0.688888            0.891157   \nCIDEr                  0.791245         0.665533            0.789569   \nSpice                  0.581745         0.500704            0.564045   \nROUGE_L                1.000000         0.915725            0.935304   \nROUGE_L_pre            0.915725         1.000000            0.718435   \nROUGE_L_recall         0.935304         0.718435            1.000000   \nROUGE_1gram            1.000000         0.915725            0.935304   \nROUGE_1gram_pre        0.915725         1.000000            0.718435   \nROUGE_1gram_recall     0.935304         0.718435            1.000000   \nROUGE_2gram            0.823357         0.730882            0.794158   \nROUGE_2gram_pre        0.793892         0.765497            0.711513   \nROUGE_2gram_recall     0.806990         0.664840            0.826005   \n\n                    ROUGE_2gram  ROUGE_2gram_pre  ROUGE_2gram_recall  \nbleu_1gram             0.573422         0.615167            0.509641  \nbleu_2gram             0.829972         0.854669            0.770248  \nbleu_3gram             0.888711         0.901116            0.837561  \nbleu_4gram             0.889522         0.892113            0.847792  \nMETEOR                 0.865834         0.814213            0.867627  \nCIDEr                  0.825212         0.773419            0.824262  \nSpice                  0.565569         0.569480            0.535085  \nROUGE_L                0.823357         0.793892            0.806990  \nROUGE_L_pre            0.730882         0.765497            0.664840  \nROUGE_L_recall         0.794158         0.711513            0.826005  \nROUGE_1gram            0.823357         0.793892            0.806990  \nROUGE_1gram_pre        0.730882         0.765497            0.664840  \nROUGE_1gram_recall     0.794158         0.711513            0.826005  \nROUGE_2gram            1.000000         0.970624            0.978426  \nROUGE_2gram_pre        0.970624         1.000000            0.901479  \nROUGE_2gram_recall     0.978426         0.901479            1.000000  ",
      "text/html": "<div>\n<style scoped>\n    .dataframe tbody tr th:only-of-type {\n        vertical-align: middle;\n    }\n\n    .dataframe tbody tr th {\n        vertical-align: top;\n    }\n\n    .dataframe thead th {\n        text-align: right;\n    }\n</style>\n<table border=\"1\" class=\"dataframe\">\n  <thead>\n    <tr style=\"text-align: right;\">\n      <th></th>\n      <th>bleu_1gram</th>\n      <th>bleu_2gram</th>\n      <th>bleu_3gram</th>\n      <th>bleu_4gram</th>\n      <th>METEOR</th>\n      <th>CIDEr</th>\n      <th>Spice</th>\n      <th>ROUGE_L</th>\n      <th>ROUGE_L_pre</th>\n      <th>ROUGE_L_recall</th>\n      <th>ROUGE_1gram</th>\n      <th>ROUGE_1gram_pre</th>\n      <th>ROUGE_1gram_recall</th>\n      <th>ROUGE_2gram</th>\n      <th>ROUGE_2gram_pre</th>\n      <th>ROUGE_2gram_recall</th>\n    </tr>\n  </thead>\n  <tbody>\n    <tr>\n      <th>bleu_1gram</th>\n      <td>1.000000</td>\n      <td>0.839359</td>\n      <td>0.722151</td>\n      <td>0.628465</td>\n      <td>0.620615</td>\n      <td>0.605923</td>\n      <td>0.477537</td>\n      <td>0.719426</td>\n      <td>0.723989</td>\n      <td>0.614835</td>\n      <td>0.719426</td>\n      <td>0.723989</td>\n      <td>0.614835</td>\n      <td>0.573422</td>\n      <td>0.615167</td>\n      <td>0.509641</td>\n    </tr>\n    <tr>\n      <th>bleu_2gram</th>\n      <td>0.839359</td>\n      <td>1.000000</td>\n      <td>0.959925</td>\n      <td>0.876723</td>\n      <td>0.749472</td>\n      <td>0.752283</td>\n      <td>0.585409</td>\n      <td>0.779885</td>\n      <td>0.759371</td>\n      <td>0.690962</td>\n      <td>0.779885</td>\n      <td>0.759371</td>\n      <td>0.690962</td>\n      <td>0.829972</td>\n      <td>0.854669</td>\n      <td>0.770248</td>\n    </tr>\n    <tr>\n      <th>bleu_3gram</th>\n      <td>0.722151</td>\n      <td>0.959925</td>\n      <td>1.000000</td>\n      <td>0.962205</td>\n      <td>0.760630</td>\n      <td>0.770415</td>\n      <td>0.572184</td>\n      <td>0.752889</td>\n      <td>0.709629</td>\n      <td>0.686758</td>\n      <td>0.752889</td>\n      <td>0.709629</td>\n      <td>0.686758</td>\n      <td>0.888711</td>\n      <td>0.901116</td>\n      <td>0.837561</td>\n    </tr>\n    <tr>\n      <th>bleu_4gram</th>\n      <td>0.628465</td>\n      <td>0.876723</td>\n      <td>0.962205</td>\n      <td>1.000000</td>\n      <td>0.740897</td>\n      <td>0.756382</td>\n      <td>0.561828</td>\n      <td>0.708195</td>\n      <td>0.646267</td>\n      <td>0.664674</td>\n      <td>0.708195</td>\n      <td>0.646267</td>\n      <td>0.664674</td>\n      <td>0.889522</td>\n      <td>0.892113</td>\n      <td>0.847792</td>\n    </tr>\n    <tr>\n      <th>METEOR</th>\n      <td>0.620615</td>\n      <td>0.749472</td>\n      <td>0.760630</td>\n      <td>0.740897</td>\n      <td>1.000000</td>\n      <td>0.799964</td>\n      <td>0.607138</td>\n      <td>0.858456</td>\n      <td>0.688888</td>\n      <td>0.891157</td>\n      <td>0.858456</td>\n      <td>0.688888</td>\n      <td>0.891157</td>\n      <td>0.865834</td>\n      <td>0.814213</td>\n      <td>0.867627</td>\n    </tr>\n    <tr>\n      <th>CIDEr</th>\n      <td>0.605923</td>\n      <td>0.752283</td>\n      <td>0.770415</td>\n      <td>0.756382</td>\n      <td>0.799964</td>\n      <td>1.000000</td>\n      <td>0.627471</td>\n      <td>0.791245</td>\n      <td>0.665533</td>\n      <td>0.789569</td>\n      <td>0.791245</td>\n      <td>0.665533</td>\n      <td>0.789569</td>\n      <td>0.825212</td>\n      <td>0.773419</td>\n      <td>0.824262</td>\n    </tr>\n    <tr>\n      <th>Spice</th>\n      <td>0.477537</td>\n      <td>0.585409</td>\n      <td>0.572184</td>\n      <td>0.561828</td>\n      <td>0.607138</td>\n      <td>0.627471</td>\n      <td>1.000000</td>\n      <td>0.581745</td>\n      <td>0.500704</td>\n      <td>0.564045</td>\n      <td>0.581745</td>\n      <td>0.500704</td>\n      <td>0.564045</td>\n      <td>0.565569</td>\n      <td>0.569480</td>\n      <td>0.535085</td>\n    </tr>\n    <tr>\n      <th>ROUGE_L</th>\n      <td>0.719426</td>\n      <td>0.779885</td>\n      <td>0.752889</td>\n      <td>0.708195</td>\n      <td>0.858456</td>\n      <td>0.791245</td>\n      <td>0.581745</td>\n      <td>1.000000</td>\n      <td>0.915725</td>\n      <td>0.935304</td>\n      <td>1.000000</td>\n      <td>0.915725</td>\n      <td>0.935304</td>\n      <td>0.823357</td>\n      <td>0.793892</td>\n      <td>0.806990</td>\n    </tr>\n    <tr>\n      <th>ROUGE_L_pre</th>\n      <td>0.723989</td>\n      <td>0.759371</td>\n      <td>0.709629</td>\n      <td>0.646267</td>\n      <td>0.688888</td>\n      <td>0.665533</td>\n      <td>0.500704</td>\n      <td>0.915725</td>\n      <td>1.000000</td>\n      <td>0.718435</td>\n      <td>0.915725</td>\n      <td>1.000000</td>\n      <td>0.718435</td>\n      <td>0.730882</td>\n      <td>0.765497</td>\n      <td>0.664840</td>\n    </tr>\n    <tr>\n      <th>ROUGE_L_recall</th>\n      <td>0.614835</td>\n      <td>0.690962</td>\n      <td>0.686758</td>\n      <td>0.664674</td>\n      <td>0.891157</td>\n      <td>0.789569</td>\n      <td>0.564045</td>\n      <td>0.935304</td>\n      <td>0.718435</td>\n      <td>1.000000</td>\n      <td>0.935304</td>\n      <td>0.718435</td>\n      <td>1.000000</td>\n      <td>0.794158</td>\n      <td>0.711513</td>\n      <td>0.826005</td>\n    </tr>\n    <tr>\n      <th>ROUGE_1gram</th>\n      <td>0.719426</td>\n      <td>0.779885</td>\n      <td>0.752889</td>\n      <td>0.708195</td>\n      <td>0.858456</td>\n      <td>0.791245</td>\n      <td>0.581745</td>\n      <td>1.000000</td>\n      <td>0.915725</td>\n      <td>0.935304</td>\n      <td>1.000000</td>\n      <td>0.915725</td>\n      <td>0.935304</td>\n      <td>0.823357</td>\n      <td>0.793892</td>\n      <td>0.806990</td>\n    </tr>\n    <tr>\n      <th>ROUGE_1gram_pre</th>\n      <td>0.723989</td>\n      <td>0.759371</td>\n      <td>0.709629</td>\n      <td>0.646267</td>\n      <td>0.688888</td>\n      <td>0.665533</td>\n      <td>0.500704</td>\n      <td>0.915725</td>\n      <td>1.000000</td>\n      <td>0.718435</td>\n      <td>0.915725</td>\n      <td>1.000000</td>\n      <td>0.718435</td>\n      <td>0.730882</td>\n      <td>0.765497</td>\n      <td>0.664840</td>\n    </tr>\n    <tr>\n      <th>ROUGE_1gram_recall</th>\n      <td>0.614835</td>\n      <td>0.690962</td>\n      <td>0.686758</td>\n      <td>0.664674</td>\n      <td>0.891157</td>\n      <td>0.789569</td>\n      <td>0.564045</td>\n      <td>0.935304</td>\n      <td>0.718435</td>\n      <td>1.000000</td>\n      <td>0.935304</td>\n      <td>0.718435</td>\n      <td>1.000000</td>\n      <td>0.794158</td>\n      <td>0.711513</td>\n      <td>0.826005</td>\n    </tr>\n    <tr>\n      <th>ROUGE_2gram</th>\n      <td>0.573422</td>\n      <td>0.829972</td>\n      <td>0.888711</td>\n      <td>0.889522</td>\n      <td>0.865834</td>\n      <td>0.825212</td>\n      <td>0.565569</td>\n      <td>0.823357</td>\n      <td>0.730882</td>\n      <td>0.794158</td>\n      <td>0.823357</td>\n      <td>0.730882</td>\n      <td>0.794158</td>\n      <td>1.000000</td>\n      <td>0.970624</td>\n      <td>0.978426</td>\n    </tr>\n    <tr>\n      <th>ROUGE_2gram_pre</th>\n      <td>0.615167</td>\n      <td>0.854669</td>\n      <td>0.901116</td>\n      <td>0.892113</td>\n      <td>0.814213</td>\n      <td>0.773419</td>\n      <td>0.569480</td>\n      <td>0.793892</td>\n      <td>0.765497</td>\n      <td>0.711513</td>\n      <td>0.793892</td>\n      <td>0.765497</td>\n      <td>0.711513</td>\n      <td>0.970624</td>\n      <td>1.000000</td>\n      <td>0.901479</td>\n    </tr>\n    <tr>\n      <th>ROUGE_2gram_recall</th>\n      <td>0.509641</td>\n      <td>0.770248</td>\n      <td>0.837561</td>\n      <td>0.847792</td>\n      <td>0.867627</td>\n      <td>0.824262</td>\n      <td>0.535085</td>\n      <td>0.806990</td>\n      <td>0.664840</td>\n      <td>0.826005</td>\n      <td>0.806990</td>\n      <td>0.664840</td>\n      <td>0.826005</td>\n      <td>0.978426</td>\n      <td>0.901479</td>\n      <td>1.000000</td>\n    </tr>\n  </tbody>\n</table>\n</div>"
     },
     "execution_count": 4,
     "metadata": {},
     "output_type": "execute_result"
    }
   ],
   "source": [
    "corr = df.corr()\n",
    "corr.to_csv('corr.csv')\n",
    "corr"
   ]
  },
  {
   "cell_type": "code",
   "execution_count": 49,
   "outputs": [
    {
     "data": {
      "text/plain": "<Figure size 432x288 with 2 Axes>",
